10 10 995
11 12 2406
12 17 2087
13 18 2057
14 23 1959
15 26 1736
16 31 1909
17 38 1741
18 41 978
19 51 2971
20 57 1917
21 64 2046
22 73 1993
23 82 1732
24 93 1631
25 104 1829
26 116 1798
27 129 1623
28 143 1706
29 159 1727
30 208 1526
31 202 1758
32 209 184
33 228 2601
34 250 247
35 272 442
36 309 1598
37 514 1576
38 384 2001
39 373 253
40 420 257
41 430 297
42 611 2512
43 495 2777
44 530 383
45 627 858
46 700 451
47 643 470
48 685 510
49 753 557
50 815 587
51 835 615
52 867 656
53 918 1111
54 987 666
55 1051 4470
56 1108 4416
57 1159 1847
58 1200 787
59 1265 2896
60 1346 831
61 1942 6475
62 1538 929
63 1533 1381
64 1619 2101
65 1683 1042
66 1781 2038
67 1841 1111
68 1946 3683
69 2025 1202
70 2101 1256
71 2206 7586
72 2340 2613
73 2439 2769
74 2536 2910
75 2766 4273
76 2819 4585
77 2895 2227
78 2965 6213
79 3113 1574
80 3193 1612
81 3341 1706
82 3436 5851
83 3515 5530
84 3662 2984
85 3789 12543
86 4398 4010
87 4023 2371
88 4138 3041
89 4232 4642
90 4383 4542
91 4479 4092
92 4610 3986
93 4960 3812
94 5023 9565
95 5356 3607
96 5411 4628
97 5667 6696
98 5780 4503
99 5832 4881
